%russ_rain_colormap

cmap_data = [1.000000 1.000000 1.000000;
    0.498039 1.000000 0.000000;
    0.000000 0.803922 0.000000; 
    0.000000 0.545098 0.000000;
    0.062745 0.305882 0.545098;
    0.117647 0.564706 1.000000;
    0.000000 0.698039 0.933333;
    0.000000 0.933333 0.933333;
    0.537255 0.407843 0.803922;
    0.568627 0.172549 0.933333;
    0.545098 0.000000 0.545098;
    0.545098 0.000000 0.000000];
%     0.803922 0.000000 0.000000;
%     0.933333 0.250980 0.000000;
%     1.000000 0.498039 0.000000;
%     0.803922 0.521569 0.000000;
%     1.000000 0.843137 0.000000];